0,273
0,270
3,2
3,1
3,3
10,69
10,157
10,93
10,223
10,141
10,271
10,21
11,13
11,24
11,21
11,10
8,11
8,5
8,13
8,8
8,16
8,2
8,3
64,4
64,3
64,2
64,1
64,0
63,3
63,2
63,1
63,0
62,4
62,3
62,2
62,1
62,0
61,4
61,3
61,2
61,1
61,0
59,5
59,4
59,3
59,2
59,1
59,0
56,5
56,4
56,3
56,2
56,1
56,0
54,5
54,4
54,1
50,4
50,3
50,1
42,3
42,1
12,3
12,2
12,1
11,27
11,26
11,25
11,23
11,22
11,20
11,18
11,16
11,14
11,12
11,11
11,8
11,6
11,4
11,3
11,2
11,1
10,272
10,256
10,228
10,201
10,187
20,2
20,1
10,179
20,3
19,2
19,1
19,3
10,167
10,145
10,138
10,121
10,113
10,94
10,92
10,80
10,77
10,11
10,4
10,3
